       0/9        0G   0.07764   0.07241   0.01312    0.1632        33       640    0.6556     0.247    0.2264    0.1032   0.04853   0.07175  0.004767
       1/9        0G   0.05892    0.0678  0.003955    0.1307       123       640    0.7728    0.2744    0.2616    0.1303   0.04291   0.07081  0.003355
       2/9        0G   0.05487   0.06758  0.003286    0.1257       204       640    0.8859    0.2641    0.2582    0.1351   0.04222   0.07006  0.003275
       3/9        0G   0.05033   0.06587  0.002691    0.1189        27       640    0.8776    0.2799    0.2742    0.1509   0.03772   0.06883  0.002621
       4/9        0G   0.04709   0.06497  0.002226    0.1143        36       640    0.8808    0.2836    0.2787    0.1559   0.03642     0.068  0.002253
       5/9        0G   0.04426   0.06429  0.001949    0.1105       279       640    0.8872    0.2884     0.285    0.1672    0.0351   0.06714   0.00206
       6/9        0G   0.04225   0.06228  0.001619    0.1061       267       640    0.9034    0.2896    0.2861    0.1747   0.03449   0.06667   0.00184
       7/9        0G   0.04109   0.06261  0.001379    0.1051       270       640    0.8957    0.2906    0.2878    0.1762    0.0339   0.06592   0.00191
       8/9        0G   0.03985   0.06029  0.001202    0.1013        18       640    0.8937    0.2929    0.2908    0.1779   0.03339   0.06551  0.001749
       9/9        0G    0.0393   0.06049  0.001158     0.101        15       640    0.9046    0.2961    0.2934    0.1826   0.03315   0.06546  0.001858
